100 100
40 10 25 79 52 65 13 10 13 37 68 93 47 31 90 94 33 47 58 76 48 38 46 100 38 44 45 52 98 92 38 49 71 15 8 9 13 27 86 61 15 82 4 12 96 77 64 100 17 49 2 19 97 67 84 34 87 63 61 6 25 26 20 36 48 93 29 97 79 55 38 76 18 93 8 39 47 30 82 65 76 65 34 19 93 8 83 42 2 12 40 7 48 68 84 18 79 99 85 84
44 95 53 70 99 39 22 50 52 82 68 68 79 97 21 56 35 54 91 28 3 24 70 22 71 64 81 35 55 19 73 12 78 14 42 62 49 86 50 3 48 69 59 79 55 31 12 14 75 1 64 58 47 58 55 27 22 38 2 67 87 29 14 59 8 68 76 55 69 91 42 36 36 89 0 88 25 88 61 35 45 81 28 28 44 47 60 34 48 57 11 88 88 74 78 1 0 59 88 15
71 11 89 47 30 42 89 65 45 53 20 51 91 68 100 91 6 73 33 95 28 78 29 43 74 69 26 29 62 9 12 90 8 96 3 86 57 49 60 38 63 77 54 5 51 98 59 34 47 11 44 45 80 33 66 42 70 84 43 62 25 56 89 25 69 53 48 57 34 6 41 66 3 42 36 41 20 62 61 7 10 25 46 20 54 33 96 55 50 67 37 70 92 72 1 17 62 81 14 24
60 71 15 80 86 40 75 74 26 77 79 17 27 34 91 86 23 68 40 83 50 93 17 78 94 69 53 37 49 97 48 6 89 46 98 96 21 55 87 90 74 59 93 16 40 73 36 0 6 53 43 82 64 24 86 21 35 42 60 1 12 87 52 79 16 70 90 60 10 58 92 36 9 68 16 63 88 28 50 49 66 23 71 79 57 0 15 57 48 38 55 66 69 33 80 78 99 62 7 87
84 78 91 18 71 5 44 91 1 95 94 64 94 19 87 6 94 92 6 41 59 1 32 47 40 52 13 2 83 29 5 74 96 66 52 51 23 83 90 83 64 62 1 22 37 43 35 70 33 18 51 75 25 41 90 68 49 1 10 2 17 92 11 71 93 68 22 62 75 62 29 73 88 74 74 52 38 96 10 18 50 46 27 70 99 44 2 3 48 22 32 89 25 75 80 33 22 4 12 61
98 34 40 25 18 89 28 18 50 8 32 67 44 21 24 33 20 45 93 38 37 30 25 50 11 63 2 12 18 36 71 44 44 56 99 64 42 97 92 38 95 66 89 11 18 10 64 41 37 7 35 70 97 49 73 93 20 0 20 100 49 61 55 49 95 13 20 18 39 44 2 16 20 18 0 52 17 81 13 44 8 78 57 60 8 23 57 77 77 3 0 70 48 9 42 41 95 63 99 30
47 97 72 85 41 70 65 99 71 62 45 82 36 13 42 7 64 69 76 29 84 17 35 38 61 12 88 44 26 78 3 15 84 46 74 30 84 27 98 52 100 30 3 22 61 74 74 71 50 62 81 81 95 3 29 25 62 0 40 1 76 46 46 60 22 25 22 29 64 64 25 2 4 59 99 0 28 68 7 25 55 24 73 18 50 88 35 55 32 19 41 33 7 99 72 17 11 79 37 89
54 97 41 73 43 51 39 10 92 44 45 11 49 63 0 38 68 24 11 9 85 12 93 27 36 18 33 76 52 56 85 6 30 86 57 29 5 25 48 97 61 43 53 15 71 7 66 77 68 11 31 48 87 23 74 52 36 30 61 78 51 16 65 77 95 88 5 57 26 8 72 70 77 22 52 21 78 1 32 44 11 88 0 34 20 68 68 19 94 56 26 83 58 36 35 91 14 37 17 72
68 94 93 79 74 11 1 55 82 51 37 70 85 79 56 57 92 42 6 81 99 43 98 39 50 45 14 40 69 83 67 97 7 26 78 75 100 70 8 53 56 51 24 50 25 62 43 97 100 92 86 72 10 46 70 18 13 40 27 65 1 51 53 38 11 16 32 98 79 53 0 77 69 88 99 90 8 36 30 87 73 52 78 13 25 8 10 64 59 80 6 69 89 59 8 15 83 59 19 49
24 29 8 84 44 58 32 18 70 27 14 12 27 21 2 53 19 50 39 27 39 80 59 39 21 52 53 67 94 75 4 91 47 80 39 65 93 80 71 59 2 91 77 96 6 73 52 71 58 91 86 50 85 26 49 91 25 29 55 65 31 73 41 23 44 86 33 74 61 88 34 96 61 23 97 39 78 1 67 71 79 17 89 32 77 85 94 42 84 49 12 55 34 72 78 16 64 53 7 11
25 35 30 82 23 82 71 5 0 66 98 46 1 68 48 33 71 35 59 40 3 4 56 8 70 16 80 45 10 59 95 30 60 17 99 45 84 71 27 64 13 91 13 41 33 50 59 60 81 24 29 0 83 4 93 44 0 55 19 92 61 78 3 19 35 70 11 4 38 73 59 4 58 1 94 76 79 13 99 79 23 80 47 68 66 65 83 12 51 23 14 49 62 45 86 76 17 12 82 28
45 90 2 50 28 70 35 30 94 95 99 22 5 59 59 53 69 31 73 74 73 26 25 98 54 78 41 78 65 75 99 30 38 99 64 19 54 21 17 97 75 50 35 31 33 87 83 75 38 21 70 44 90 44 42 40 29 54 31 24 34 40 15 30 33 34 21 88 72 27 40 33 99 4 96 89 9 21 83 76 6 21 46 13 38 75 21 54 19 94 72 94 29 40 72 75 34 22 64 50
72 44 71 54 36 73 68 5 16 51 41 15 97 21 35 39 58 40 3 43 74 99 10 54 23 64 6 60 23 87 0 24 26 71 82 54 30 32 70 33 76 86 31 67 12 38 66 28 82 89 62 54 71 43 1 50 8 3 8 75 71 47 83 74 4 93 11 66 11 5 34 71 96 34 30 90 48 12 53 51 96 62 23 91 70 73 48 92 97 24 37 23 88 32 88 54 82 91 61 98
1 50 75 26 78 2 22 0 62 20 6 4 23 99 15 82 42 81 11 23 97 85 0 7 44 39 12 87 3 72 53 97 10 86 66 74 75 71 62 84 35 46 58 54 42 47 0 1 20 17 80 30 21 21 98 35 25 79 51 10 43 34 15 8 26 2 24 4 19 93 0 47 70 80 60 70 5 96 59 35 96 9 45 69 30 68 15 98 49 94 97 39 3 85 33 17 27 47 100 91
30 77 40 5 88 25 5 72 28 77 57 91 29 67 92 37 37 93 24 42 76 52 96 65 9 3 71 86 85 25 57 98 93 86 8 40 68 80 61 22 19 51 82 1 7 84 81 94 26 53 91 12 48 71 28 38 18 55 17 4 45 60 82 66 56 20 84 78 73 31 25 82 52 54 7 21 92 19 1 90 57 14 35 83 84 9 89 17 96 11 31 65 85 0 73 23 69 87 71 25
76 32 82 86 68 55 5 74 55 31 55 79 79 88 15 47 77 48 94 36 31 43 85 30 3 26 74 61 8 56 31 19 78 32 32 32 92 14 22 53 8 18 35 32 44 22 4 54 34 40 77 95 88 81 10 0 51 78 100 24 33 58 40 81 64 75 13 75 73 64 79 53 3 78 58 87 53 12 81 90 2 7 25 0 36 34 36 87 17 28 1 67 61 1 0 7 22 21 52 30
32 99 5 96 84 43 46 82 65 49 98 26 30 95 55 70 20 89 28 56 7 82 100 7 32 58 47 20 70 20 6 16 55 99 55 64 19 51 25 73 19 61 82 69 28 96 95 82 7 83 7 7 75 38 4 80 20 73 71 36 86 71 46 2 33 40 12 1 88 30 84 34 43 21 41 26 46 51 94 88 40 94 94 65 29 41 91 27 18 74 91 83 47 92 61 4 87 65 48 19
72 63 3 67 81 90 67 27 97 72 63 99 31 8 64 78 30 92 13 6 92 15 96 61 90 44 5 38 21 49 47 56 75 20 34 98 76 20 60 1 85 71 3 55 81 92 80 44 13 5 100 0 62 53 19 0 99 77 95 7 60 4 67 36 77 61 54 65 59 41 2 64 20 36 47 32 12 20 38 3 55 55 67 84 23 86 15 93 34 26 21 82 68 8 4 3 91 92 20 44
52 63 1 13 28 10 68 22 44 93 33 57 10 33 82 94 7 73 75 17 61 36 15 85 6 40 48 82 65 65 67 57 20 55 36 24 63 96 29 96 66 50 84 55 92 48 66 5 0 40 97 39 51 60 43 78 53 45 31 1 28 0 63 15 71 86 96 73 45 15 66 48 41 28 74 95 29 10 55 31 37 70 55 64 20 42 86 6 64 88 45 10 44 32 74 66 22 42 65 1
95 84 36 80 87 55 61 44 13 61 95 81 41 75 24 37 50 56 23 67 60 48 73 59 70 15 91 61 15 27 44 46 17 35 2 51 40 43 8 29 77 2 95 50 28 93 16 55 41 14 77 64 93 75 87 64 92 82 12 77 13 49 60 95 31 54 78 66 58 7 90 66 4 76 11 88 78 63 21 78 85 62 9 51 99 37 19 9 35 1 31 49 81 79 11 86 69 29 23 44
81 10 61 74 6 18 91 48 94 51 11 66 76 97 40 40 83 21 94 30 84 98 8 13 59 72 81 7 67 19 32 35 32 87 22 84 7 39 88 1 12 43 28 51 12 67 45 57 93 69 55 87 97 91 36 2 96 94 99 37 19 47 55 59 23 89 89 87 1 86 29 78 83 14 44 55 80 18 20 17 73 23 74 48 90 80 81 53 86 78 57 3 25 33 88 19 50 45 3 86
83 8 32 100 43 44 19 68 4 91 44 4 18 72 93 25 1 17 30 55 74 68 78 61 68 51 81 61 19 86 100 77 40 13 20 37 42 74 8 38 51 14 86 25 17 8 54 62 16 0 96 48 55 25 79 91 44 69 28 20 82 95 0 45 79 31 20 21 94 87 95 78 29 69 27 19 45 80 100 66 1 13 87 78 38 25 50 64 22 90 89 29 99 27 14 62 29 54 100 62
71 65 14 53 12 76 40 23 73 4 57 99 26 66 4 41 29 39 95 1 59 95 1 74 12 81 74 61 51 57 33 35 88 56 17 50 52 36 81 17 39 70 36 67 53 85 83 89 0 51 98 24 87 66 82 36 37 1 51 61 66 100 5 11 41 39 84 53 6 4 58 37 40 24 15 45 53 76 45 53 69 98 13 17 13 85 23 29 93 23 62 50 83 82 47 17 1 73 20 22
98 10 4 8 29 64 65 27 71 79 48 85 41 81 82 80 11 4 74 82 81 96 94 75 52 21 74 5 68 29 28 60 72 75 9 93 66 36 50 32 92 67 70 93 92 71 24 59 83 37 64 67 90 56 86 36 19 29 3 67 14 68 7 15 70 19 80 57 73 56 73 82 89 55 7 94 1 72 90 11 55 95 85 82 33 76 20 50 60 90 51 16 43 96 44 45 24 45 20 73
26 26 97 17 58 62 76 30 10 89 95 88 24 36 27 73 69 56 30 27 73 27 41 64 55 34 49 9 95 61 80 42 71 25 32 99 96 10 56 10 67 32 37 2 46 23 90 74 25 29 30 88 14 67 29 75 55 5 87 30 99 16 64 86 36 78 85 55 1 98 23 14 4 24 85 94 55 74 15 98 37 5 85 42 34 7 81 91 98 0 47 33 22 78 14 31 55 65 13 97
28 19 6 52 31 1 78 6 98 56 9 20 44 81 69 81 65 68 53 42 31 35 38 54 94 47 84 76 38 9 97 49 23 95 81 83 21 25 45 46 36 26 35 55 7 22 8 51 98 87 69 86 38 32 38 34 34 93 38 36 34 29 37 97 10 11 8 91 1 9 92 95 74 53 90 63 10 11 55 68 94 11 97 27 67 70 57 0 45 98 90 41 71 56 23 97 3 6 29 54
23 81 88 83 25 49 42 38 14 83 83 82 27 90 25 3 86 58 87 57 42 18 74 11 86 25 47 0 82 2 72 55 91 94 4 96 96 29 54 82 23 86 28 33 19 16 51 41 43 72 12 22 85 43 6 71 42 54 54 14 43 77 90 49 77 22 7 27 20 25 51 93 28 51 69 43 48 38 85 9 48 86 39 10 60 79 76 91 59 77 63 33 48 41 72 99 66 66 51 22
6 77 2 57 55 15 43 8 41 100 4 85 51 92 58 31 1 64 51 62 94 38 84 73 91 77 59 30 18 2 52 53 84 17 77 79 27 72 56 60 38 87 76 60 26 47 26 17 46 99 30 1 80 85 5 39 64 4 17 53 33 12 87 88 48 92 17 22 33 26 49 63 39 2 95 91 7 43 78 50 52 94 16 65 58 74 18 56 89 62 32 2 75 20 73 36 89 6 37 54
68 90 34 63 86 42 98 62 15 73 2 84 18 72 77 14 94 3 96 0 77 33 42 73 39 97 97 29 15 29 91 53 22 60 78 9 10 57 94 77 31 28 31 57 70 19 29 12 90 55 42 15 7 90 59 23 89 92 39 7 85 64 74 13 66 71 80 1 30 85 98 58 46 61 87 85 63 93 32 95 18 14 44 67 40 60 48 56 5 85 14 59 95 47 83 64 2 59 26 9
45 84 1 46 66 73 74 44 6 83 97 9 36 25 13 73 79 76 21 90 17 22 68 38 87 18 43 86 65 91 18 20 18 13 45 80 47 26 59 16 75 98 20 69 89 20 89 95 12 66 95 26 64 61 78 87 73 34 11 9 57 59 44 55 79 28 45 64 36 29 91 54 86 49 79 99 39 10 30 19 34 7 30 2 77 15 47 30 25 22 0 53 35 10 28 94 76 42 84 69
97 12 36 56 5 85 18 4 69 35 28 48 5 76 42 71 55 29 58 14 3 31 48 69 46 9 13 86 81 16 55 30 37 49 2 94 0 58 93 72 67 13 96 99 95 23 60 42 43 43 64 58 94 77 67 70 17 36 61 33 59 100 92 17 40 38 31 50 39 97 1 24 64 25 44 99 39 92 45 40 26 54 15 36 15 46 97 29 23 94 21 20 18 41 16 40 17 80 3 7
7 24 89 29 88 38 17 11 48 10 97 67 50 36 10 89 77 61 26 99 88 32 58 53 3 11 93 16 88 72 20 25 92 57 25 49 41 57 93 100 27 45 7 91 28 31 47 96 67 72 25 33 61 43 20 49 33 78 11 43 31 81 10 77 92 3 19 67 48 98 80 98 7 29 80 94 69 6 58 39 16 22 39 8 52 39 32 33 43 10 53 69 46 86 80 68 62 43 62 42
76 21 87 9 21 28 20 20 37 91 95 48 95 64 34 36 9 49 84 86 43 25 91 86 70 11 10 53 41 48 29 42 52 32 22 11 71 88 100 57 32 20 2 88 23 32 45 46 89 7 93 91 78 92 68 95 74 56 42 5 83 93 6 56 79 15 94 81 69 69 17 11 13 52 96 87 16 49 19 63 68 90 2 99 56 94 5 54 78 14 65 55 11 40 3 86 67 42 31 68
30 67 12 52 16 70 88 49 47 27 95 99 26 71 34 48 66 0 85 48 23 47 38 84 41 54 38 2 62 5 87 79 21 38 85 45 23 18 43 100 20 41 88 34 32 19 29 31 97 5 39 21 48 89 25 0 84 85 74 49 66 61 68 80 33 41 10 76 88 26 17 5 27 96 39 81 87 54 46 15 14 28 95 37 85 68 74 85 71 94 20 87 83 33 35 69 43 18 85 95
89 77 90 16 9 85 53 57 66 0 83 39 77 2 74 35 22 10 6 38 20 89 24 96 1 10 93 65 47 59 53 29 57 63 81 96 68 9 82 5 88 91 74 65 77 39 28 57 95 30 34 99 20 5 18 14 83 64 78 57 52 6 31 77 70 9 37 36 4 58 56 66 17 33 60 12 98 79 76 88 13 25 94 34 11 6 91 68 0 68 0 50 33 11 57 9 22 96 7 38
79 71 12 22 20 33 75 41 20 40 8 55 52 2 49 66 55 88 99 22 65 77 34 48 57 3 92 45 95 84 45 42 24 57 58 44 91 71 96 22 43 32 45 89 14 94 4 54 70 13 94 57 39 62 55 87 52 10 76 35 39 74 49 9 51 93 84 47 23 80 93 61 54 93 21 68 91 91 63 20 25 67 55 53 65 14 78 29 75 61 2 64 96 48 57 84 95 2 91 58
57 71 100 87 10 76 55 49 64 32 100 39 8 36 28 62 45 31 99 72 27 8 72 70 33 57 95 5 59 6 10 51 94 35 60 0 76 19 7 75 53 54 14 3 34 74 88 31 25 9 2 68 72 66 10 62 19 99 76 51 46 75 34 82 36 39 11 89 13 19 86 55 98 94 4 76 32 7 16 65 83 63 6 8 30 29 2 25 72 14 57 96 97 37 40 34 86 32 5 100
3 40 6 68 26 11 89 41 3 99 11 71 91 77 4 2 28 44 80 44 82 45 31 27 20 27 17 87 6 42 60 2 67 78 53 79 73 36 50 82 91 91 62 59 79 45 75 15 23 64 55 54 74 81 50 57 94 36 95 47 35 25 10 31 24 44 84 0 34 17 65 40 10 63 58 89 48 87 40 58 71 57 78 22 56 20 83 80 61 41 92 46 59 79 66 26 52 82 97 23
40 49 43 75 0 53 31 62 78 53 69 72 47 11 14 7 42 87 18 77 5 72 67 65 72 79 83 37 14 88 23 33 66 2 52 37 48 56 74 33 23 54 67 31 81 32 71 75 60 42 78 100 12 29 54 72 18 49 54 0 44 94 13 49 94 5 3 20 81 39 73 98 29 52 70 61 60 52 14 37 9 57 94 19 90 33 64 83 91 96 98 37 27 22 69 77 74 78 28 21
64 53 70 64 4 70 64 41 59 83 32 5 76 66 19 86 51 97 80 42 12 54 14 53 91 6 31 63 17 20 90 63 60 52 2 17 46 26 88 53 50 84 0 10 36 90 97 62 82 69 62 50 81 90 8 7 31 28 89 55 6 60 15 32 52 10 98 38 18 77 71 73 24 31 9 98 7 59 18 58 5 67 75 85 56 62 46 67 14 14 79 39 83 85 83 31 55 78 17 1
92 46 91 13 53 73 73 28 48 65 74 95 30 62 67 71 37 60 10 64 17 98 44 72 21 76 1 80 40 21 12 82 28 86 41 100 40 68 69 7 64 82 37 59 91 40 86 18 28 96 6 45 98 43 38 39 42 2 75 96 0 71 27 69 72 46 56 82 61 3 9 59 60 36 100 22 19 27 98 32 53 22 17 17 33 99 46 89 52 34 10 4 45 80 48 49 1 100 33 3
62 79 58 56 77 95 46 93 48 20 44 48 66 26 48 54 75 31 21 51 19 31 4 63 15 85 44 19 66 38 44 69 21 39 75 71 41 58 58 68 93 29 23 44 81 51 53 18 69 98 68 82 59 51 67 58 35 8 89 32 25 97 34 93 16 90 96 96 86 79 76 50 26 17 92 40 58 34 9 66 39 32 78 88 0 57 79 72 50 32 89 15 12 49 78 6 35 25 100 98
62 21 33 3 9 6 85 45 94 65 80 95 32 39 17 74 94 64 91 67 92 25 80 42 45 87 33 37 5 38 75 0 19 80 20 84 35 78 45 20 79 40 18 43 32 34 72 34 57 35 20 24 21 65 27 48 17 29 30 10 33 80 0 40 43 35 73 29 12 6 85 35 68 47 45 13 98 65 45 58 1 25 63 88 75 2 1 96 85 86 79 7 33 29 77 72 53 75 25 94
48 26 58 60 33 94 7 81 10 71 35 85 71 25 57 41 87 67 32 5 44 5 56 48 51 63 19 80 88 35 27 8 7 56 35 5 51 73 43 33 68 31 76 85 30 3 99 23 21 36 49 50 77 39 6 5 14 28 61 50 77 49 9 47 49 21 12 93 16 12 28 9 64 0 57 50 17 73 88 100 34 25 40 78 84 13 15 37 48 36 20 33 17 67 37 11 8 28 31 88
83 61 49 31 50 59 79 35 43 5 39 63 79 33 92 75 29 56 86 56 77 13 73 82 74 22 100 96 85 73 13 31 21 44 73 26 53 42 46 34 43 3 34 60 59 28 81 32 99 0 68 6 37 69 60 61 74 32 100 3 71 35 27 58 76 24 37 49 88 64 26 22 2 78 25 10 93 63 7 90 96 84 40 46 42 32 13 23 16 13 52 61 21 72 74 34 38 16 16 67
74 43 66 0 1 5 17 48 28 77 0 17 91 33 93 53 48 18 87 18 71 28 1 35 14 26 65 11 34 11 49 54 51 11 21 68 70 64 69 51 87 18 41 46 70 74 58 42 84 16 90 51 55 27 11 74 21 38 85 73 52 32 36 75 98 74 82 3 98 23 98 96 51 15 88 44 71 72 59 49 51 81 40 0 75 37 87 79 11 41 98 46 88 48 43 13 28 52 27 28
99 26 58 15 28 59 39 65 23 76 94 19 41 1 97 3 21 89 4 99 79 15 4 49 28 75 53 90 12 70 18 78 73 18 26 94 39 24 46 43 68 9 65 96 84 75 65 36 97 55 17 2 22 87 80 5 72 6 32 76 65 65 3 39 61 47 20 0 60 97 14 33 99 38 45 76 79 46 47 55 95 32 70 5 85 0 16 41 100 22 16 16 76 3 40 94 59 88 5 5
45 68 21 29 50 69 82 92 80 4 5 20 7 66 41 90 18 14 94 41 31 78 62 4 10 56 26 16 84 48 21 33 44 76 11 0 5 49 15 90 25 45 58 21 37 45 11 14 40 58 82 54 90 71 2 37 21 92 81 34 71 13 27 27 51 7 79 65 90 85 83 54 53 79 44 60 29 7 7 27 15 93 81 99 84 30 75 45 57 39 27 41 71 41 21 17 28 91 51 6
39 89 36 95 70 17 6 1 34 28 76 8 81 66 31 77 98 74 14 36 61 71 14 28 39 39 19 15 11 88 97 75 16 38 5 32 76 96 21 44 24 7 44 3 20 34 22 62 65 78 2 3 67 80 78 64 82 51 24 98 94 43 68 50 38 20 27 2 29 27 25 73 89 15 29 57 41 21 4 62 62 26 42 73 50 1 65 24 41 5 26 1 94 34 28 96 61 92 77 40
5 84 42 10 68 5 32 18 68 36 48 64 28 87 7 92 20 41 2 87 91 13 39 4 39 98 80 22 66 30 100 97 8 49 55 39 4 71 8 72 57 29 71 83 34 37 96 51 81 85 9 77 70 13 96 21 28 14 82 43 0 6 2 16 36 59 21 39 82 70 10 24 12 57 38 66 72 73 93 18 21 10 99 46 61 12 44 60 88 30 5 40 17 62 82 75 51 69 55 76
52 2 97 26 3 75 56 63 64 17 47 58 10 76 5 52 72 35 32 77 30 50 33 89 58 41 91 10 0 57 48 41 51 47 91 80 12 54 76 19 74 17 45 81 63 32 47 31 68 85 91 47 6 54 79 94 17 71 45 47 60 9 68 39 62 97 91 89 64 79 70 98 85 91 46 69 82 66 82 80 5 12 3 31 44 84 2 80 39 79 19 57 33 39 8 79 48 9 57 53
92 9 8 26 98 93 18 53 90 30 6 29 6 24 31 98 37 68 93 64 50 15 18 86 55 82 65 7 24 49 76 41 5 31 28 25 10 98 6 89 15 63 54 29 92 25 15 42 65 64 2 7 16 53 22 2 6 18 88 73 85 84 10 13 59 4 79 62 89 72 61 66 78 70 66 26 42 10 2 58 27 18 52 75 65 11 81 2 53 97 65 38 81 46 10 32 88 100 39 75
43 38 57 78 97 8 10 15 53 34 13 87 50 3 58 87 54 68 21 83 63 52 55 62 93 67 25 100 26 16 59 6 24 16 94 71 21 33 35 60 42 27 77 2 42 57 27 43 84 40 29 27 8 93 96 72 26 27 46 28 20 88 64 40 61 57 93 75 57 48 38 66 20 0 37 83 96 25 29 25 17 3 42 74 84 32 53 66 84 6 63 95 41 60 62 74 77 71 11 95
71 15 64 90 31 73 88 61 81 84 13 88 59 76 71 19 57 94 37 100 94 84 52 95 10 52 18 76 75 4 2 4 80 2 34 13 19 37 10 58 11 32 61 75 63 50 94 88 46 15 53 88 2 2 36 67 63 8 53 60 5 100 23 58 7 62 52 92 50 12 40 96 57 95 77 64 63 89 36 48 99 96 3 19 0 89 19 16 64 83 81 18 8 89 100 53 53 36 46 89
66 24 44 13 80 98 13 24 28 7 54 88 90 41 9 81 62 26 22 38 40 67 90 40 73 88 67 92 96 25 2 82 47 73 72 76 86 57 4 0 41 57 56 58 93 74 14 42 42 96 24 63 6 40 90 98 43 31 14 64 34 60 58 54 39 25 91 29 97 50 7 11 75 37 50 8 38 34 47 40 74 21 13 22 57 75 95 40 15 8 96 34 95 63 37 21 22 75 57 72
87 28 8 65 71 12 84 92 52 68 84 56 55 12 34 52 84 1 69 84 80 29 20 89 56 60 92 23 81 41 58 81 25 100 98 30 38 2 19 35 17 79 88 47 10 24 78 81 16 25 40 40 6 20 2 35 56 95 42 79 71 97 89 89 12 90 60 39 81 82 29 24 87 37 67 88 54 46 84 9 15 11 79 100 49 0 66 72 43 100 51 44 22 91 66 47 80 4 22 6
57 55 96 69 41 84 66 69 97 90 73 12 85 27 52 64 7 7 30 84 8 45 66 29 97 80 68 42 29 33 8 32 82 52 28 32 2 50 30 98 65 18 86 81 28 55 63 59 52 92 43 65 62 46 77 64 90 5 86 41 53 77 60 100 6 81 96 35 89 24 98 11 28 66 44 3 6 83 79 28 84 72 96 79 63 61 3 29 16 62 40 15 1 30 69 87 83 37 21 27
14 95 24 93 72 87 54 63 10 11 73 85 17 20 69 1 69 73 54 12 90 83 17 37 47 86 32 11 58 44 77 70 97 80 19 16 97 35 86 41 80 60 94 54 18 1 100 23 69 78 32 35 21 33 74 71 46 60 23 39 73 8 45 78 59 100 33 81 99 5 56 78 40 20 49 23 53 98 25 55 26 20 63 32 9 46 67 35 42 36 66 39 23 6 22 40 26 83 30 19
87 72 51 79 8 1 57 62 56 94 55 73 77 43 41 46 13 31 79 37 1 43 33 33 94 41 2 33 96 87 7 35 2 53 94 21 30 33 54 35 85 96 22 4 37 84 72 5 63 34 91 42 26 29 84 71 100 86 40 56 38 41 70 89 79 81 31 66 68 61 70 46 30 84 10 8 85 23 8 68 55 56 80 55 74 38 55 50 3 86 9 47 21 41 65 72 72 60 18 64
56 80 82 58 96 20 93 32 68 0 48 43 58 63 49 36 83 24 22 97 76 15 19 31 92 64 2 52 71 94 96 79 91 47 96 95 93 19 90 80 29 91 85 17 57 13 14 47 58 80 38 49 87 67 57 78 29 40 23 94 20 31 90 35 43 61 77 68 79 65 70 29 50 21 83 84 59 62 9 52 63 39 45 62 84 70 2 85 13 56 62 51 92 35 76 2 51 85 33 91
27 66 66 93 48 72 28 54 99 20 91 10 50 6 57 62 25 17 24 100 71 37 67 93 46 85 43 11 13 39 48 75 12 16 94 51 27 73 81 43 100 46 10 7 21 64 62 45 43 13 100 98 56 17 42 90 43 94 73 96 53 7 16 30 87 40 22 22 36 18 51 3 91 74 53 73 8 40 46 17 12 25 54 30 69 78 70 74 75 39 97 30 11 88 30 24 57 24 84 74
32 88 35 4 50 25 68 62 29 3 83 81 76 43 67 64 5 49 87 25 80 50 99 89 64 35 57 95 72 40 25 94 28 19 2 19 62 65 97 71 31 46 76 58 83 60 98 84 47 46 15 22 29 48 90 29 97 61 58 55 82 96 21 69 38 11 63 76 4 1 8 59 54 26 87 97 96 14 95 54 25 47 54 73 3 28 59 4 95 6 12 54 57 0 25 89 73 10 94 50
59 6 66 63 25 46 23 75 100 19 97 38 14 5 7 7 54 31 4 66 85 16 37 67 7 60 15 83 44 79 18 51 56 93 91 67 23 70 49 32 37 88 61 18 24 19 13 43 47 67 0 94 21 48 71 71 6 97 20 16 88 49 42 25 15 76 38 15 9 72 36 83 79 61 80 18 90 25 28 56 14 3 52 80 20 42 65 10 100 8 8 15 97 99 17 56 27 89 76 24
13 38 71 42 88 21 46 2 77 73 80 2 44 38 72 13 39 41 96 98 51 22 33 85 2 61 85 15 57 5 22 48 34 25 99 29 74 79 54 10 36 68 39 37 13 17 71 19 66 55 65 90 35 35 61 6 39 49 38 67 84 80 76 66 26 18 14 34 43 18 20 30 15 59 25 0 97 23 86 18 87 20 25 97 91 100 8 55 63 28 72 35 4 4 53 40 98 58 20 7
46 28 81 75 4 48 23 12 18 97 57 26 29 58 72 58 73 81 65 9 51 27 91 59 60 63 74 8 24 52 75 20 16 57 69 5 72 1 42 9 39 1 16 7 85 92 23 73 39 41 14 92 8 77 47 80 26 29 27 11 89 19 89 61 79 93 91 2 12 11 50 12 20 68 98 79 9 27 26 63 81 78 6 65 40 92 7 1 14 76 65 58 51 60 29 78 86 15 27 12
66 39 13 57 78 93 67 24 24 82 63 43 83 79 95 16 70 69 23 6 64 52 77 58 34 11 54 41 3 12 31 90 61 56 0 24 66 8 57 88 49 27 69 89 96 10 85 84 28 84 3 98 89 76 76 16 22 1 71 43 96 55 36 71 70 58 50 99 93 96 31 88 76 5 50 44 74 31 57 96 47 32 99 29 49 97 47 30 86 71 47 75 98 33 47 64 73 23 72 54
4 88 55 77 21 66 58 23 39 3 79 17 1 11 49 38 55 61 96 43 54 62 46 4 51 49 63 90 75 13 79 57 17 24 86 64 71 92 38 84 36 53 100 36 48 69 81 38 84 82 43 46 71 71 29 20 3 39 98 99 10 32 39 29 93 72 18 77 61 95 77 100 30 59 79 61 75 0 74 53 4 68 98 61 68 66 21 84 21 89 61 55 50 89 40 48 68 35 57 57
46 24 86 0 69 3 10 58 40 6 41 91 10 77 46 90 6 42 44 0 33 28 53 66 36 24 46 2 31 37 65 0 35 43 91 82 67 46 44 9 75 29 99 48 21 76 57 25 60 30 70 20 27 51 50 66 46 97 96 9 69 52 14 72 10 9 44 68 44 2 62 86 0 36 49 77 42 61 5 88 26 21 12 16 95 95 23 72 79 75 82 54 45 10 80 93 81 49 8 43
44 29 79 10 23 0 47 43 4 58 96 47 26 55 55 4 84 59 54 28 43 69 47 96 44 26 67 56 82 15 14 46 72 15 32 88 92 47 10 71 12 95 46 43 45 94 67 58 72 1 30 14 27 16 7 97 87 70 88 85 97 86 29 24 37 36 59 64 85 9 71 84 86 63 27 0 55 27 10 84 87 88 51 50 60 26 8 50 86 55 24 29 35 64 7 35 81 93 51 55
45 36 5 50 93 34 89 1 60 59 46 27 61 60 37 36 33 32 36 14 28 69 84 41 69 78 63 42 91 69 35 34 21 64 62 12 17 95 18 29 96 29 56 83 0 87 40 52 41 41 48 40 46 8 97 52 21 90 24 31 41 47 38 7 41 79 58 49 37 61 89 84 64 89 93 9 60 4 22 61 12 61 96 20 8 61 39 10 98 0 39 46 100 37 58 10 16 76 22 19
62 8 31 72 85 45 52 64 40 78 74 84 45 58 58 55 40 48 1 43 13 64 8 94 90 24 50 53 86 83 10 3 57 82 26 25 28 38 93 53 20 95 91 48 43 70 3 67 73 11 6 94 58 12 9 97 81 86 74 53 19 48 92 26 84 86 5 23 23 10 53 17 23 50 53 69 69 2 96 96 90 15 76 76 17 7 30 22 92 33 41 1 18 95 82 56 48 82 75 87
55 6 97 72 16 97 83 95 49 17 34 6 29 51 14 46 77 19 7 24 33 33 26 48 24 1 41 91 4 70 80 17 68 59 26 36 94 49 74 62 45 14 25 67 10 20 5 77 80 78 24 99 18 41 84 50 14 12 58 94 21 42 0 71 74 19 69 1 53 23 56 43 64 73 98 41 34 29 72 38 12 72 98 58 73 85 2 50 50 48 74 26 90 70 51 67 0 8 82 95
13 65 4 61 79 93 61 33 5 78 83 25 72 98 61 75 59 78 79 90 45 23 61 24 90 70 77 25 62 50 95 50 39 19 66 62 54 39 19 88 82 0 30 74 91 46 95 70 12 95 21 25 16 27 100 19 22 98 85 31 8 54 84 24 1 76 26 24 63 68 68 62 75 43 6 99 60 3 57 33 77 63 61 16 70 0 90 75 37 59 39 75 35 24 89 29 74 91 52 98
45 43 38 43 92 10 59 76 47 50 54 37 25 6 96 4 58 0 28 61 23 61 30 36 52 33 89 47 70 26 11 55 28 99 0 28 37 24 75 78 50 4 21 86 67 42 82 49 64 1 35 25 48 27 35 10 44 34 6 5 22 57 70 17 63 41 58 95 94 22 98 1 65 28 19 76 27 17 74 35 38 21 65 34 42 36 34 56 7 26 98 52 39 67 49 37 94 67 5 23
77 35 78 35 19 83 48 76 2 0 65 53 65 6 46 30 66 57 59 81 81 17 12 79 74 21 80 3 8 56 88 26 100 29 80 86 23 44 23 78 13 91 16 55 35 12 34 22 49 23 94 4 2 32 95 45 56 18 1 47 13 94 27 20 52 76 8 27 92 49 14 76 62 91 2 49 37 88 93 41 94 90 17 41 24 32 56 50 20 79 25 41 27 7 86 67 79 34 53 48
15 88 94 84 43 31 64 10 62 79 96 84 27 94 34 76 66 63 14 21 95 79 67 77 71 41 94 81 77 56 85 30 71 95 80 65 70 67 61 49 42 27 34 14 88 0 40 56 44 17 97 32 76 10 5 58 24 53 16 31 63 27 78 26 64 14 81 27 91 73 70 67 56 32 93 67 29 71 68 21 2 49 67 79 48 71 44 64 48 89 44 57 52 24 74 65 94 67 21 66
73 75 26 22 66 81 67 46 34 74 79 69 16 25 66 35 92 91 58 49 35 29 18 37 22 32 23 11 32 59 84 23 10 98 44 99 24 54 46 14 47 76 98 87 3 74 10 61 94 27 13 25 67 30 87 63 62 30 50 61 83 26 15 17 65 44 50 37 97 96 1 72 75 9 34 76 63 1 100 99 56 49 29 22 97 34 90 27 89 86 51 22 82 53 52 86 9 75 59 15
93 33 67 70 61 22 30 18 100 89 43 73 24 42 10 28 75 34 85 59 95 38 57 59 46 49 48 1 100 68 86 23 19 99 61 45 6 88 50 25 0 63 74 34 88 92 43 86 38 18 15 87 7 44 9 26 98 35 21 82 47 55 35 83 46 22 67 51 91 40 43 74 2 9 91 74 46 84 11 41 95 50 81 67 83 37 64 64 42 17 56 3 30 75 17 77 90 3 51 72
26 34 39 53 3 50 86 68 6 37 37 22 50 22 45 17 91 15 14 76 63 94 24 91 68 40 24 71 95 7 64 78 48 31 83 23 75 33 29 15 17 78 39 25 16 98 24 24 50 61 25 100 96 19 84 91 16 22 64 44 12 8 96 69 67 98 84 87 56 98 57 52 79 18 0 31 67 77 62 89 25 23 84 53 44 99 40 85 24 86 16 72 11 20 53 9 28 63 33 25
2 1 28 47 41 55 99 37 94 30 82 49 8 43 9 26 26 63 87 14 11 75 25 96 67 82 99 90 100 43 23 53 62 53 3 76 32 35 17 61 80 25 30 71 77 83 17 18 15 59 57 90 85 61 78 86 16 87 28 49 100 61 3 81 24 0 23 69 87 17 2 80 38 40 7 83 53 3 83 35 25 50 15 2 51 100 65 34 85 87 26 37 98 1 10 43 10 3 56 69
37 69 25 38 61 12 72 39 89 7 44 79 43 1 57 30 94 92 16 80 28 2 56 100 62 13 24 49 56 97 74 49 38 78 38 16 94 98 25 67 2 88 50 93 44 87 1 75 45 70 27 15 39 58 62 28 85 93 42 64 38 0 79 96 0 58 68 90 57 75 98 83 56 50 7 98 63 55 15 56 42 98 76 93 5 37 6 94 3 79 61 37 44 69 73 73 99 33 89 85
53 10 36 94 7 6 1 57 6 100 23 0 43 65 37 74 31 75 60 37 5 67 34 47 83 92 53 44 59 74 19 24 90 56 26 99 28 32 76 59 12 97 23 31 16 100 96 58 33 21 16 0 69 23 35 49 26 4 35 41 84 38 69 31 43 34 87 44 92 50 71 61 65 79 40 34 83 69 22 88 99 10 72 49 24 5 9 47 3 10 1 25 30 3 82 55 19 41 48 36
3 72 94 69 2 46 32 64 72 70 1 61 55 30 24 69 95 35 92 98 32 54 87 94 91 97 15 69 26 67 38 12 60 7 19 89 34 93 43 22 88 0 61 66 94 68 2 14 40 88 90 55 17 18 30 75 86 17 68 19 54 37 3 93 0 47 17 41 98 63 84 1 96 7 92 46 37 16 62 28 41 76 11 69 12 95 33 42 31 96 86 93 77 30 97 55 64 3 9 5
76 69 64 34 76 37 47 59 71 96 86 73 20 3 83 73 32 69 97 45 76 29 45 100 35 67 100 72 85 19 77 7 52 13 25 64 86 28 86 72 69 64 14 42 92 67 43 72 63 59 89 21 13 67 43 75 68 12 6 14 81 78 51 85 39 40 29 96 69 86 67 54 61 65 94 53 39 1 8 5 78 9 33 40 68 48 65 90 69 96 20 94 91 19 1 61 10 87 40 76
72 44 78 38 40 1 74 51 78 5 61 36 72 60 70 73 32 52 23 51 79 55 77 10 6 22 11 49 54 51 73 69 6 68 27 53 43 85 56 0 71 79 19 93 59 100 24 63 57 39 1 44 27 74 31 16 95 45 42 92 55 57 46 43 71 57 79 42 61 81 39 91 91 9 67 4 8 94 84 39 30 81 89 94 82 90 17 50 90 68 79 48 14 28 76 8 35 6 77 90
45 16 70 51 9 61 83 85 11 92 92 32 19 92 28 74 24 46 1 58 77 51 95 37 60 0 25 83 57 50 71 27 68 78 36 77 36 11 6 55 68 91 48 17 6 80 29 15 20 4 76 31 4 49 11 69 15 27 95 69 67 46 89 50 15 73 54 6 11 14 5 47 71 85 38 94 67 62 15 90 20 17 32 98 23 17 56 83 69 63 37 84 76 45 97 12 15 12 18 79
49 39 23 24 7 42 18 98 20 40 57 1 84 57 14 45 82 98 50 32 12 67 40 62 97 18 89 0 15 56 96 30 47 5 46 45 50 24 25 37 81 19 72 58 47 8 18 1 56 53 93 99 48 12 73 28 4 21 90 12 14 55 78 44 4 33 0 77 41 24 12 62 86 84 80 72 76 56 42 62 26 5 43 3 56 21 26 47 80 45 12 70 73 79 49 42 96 20 65 99
97 62 40 59 68 59 79 30 47 25 95 52 58 9 6 82 48 47 42 72 65 35 58 44 94 93 15 82 66 79 10 63 23 28 37 99 29 28 87 31 7 60 72 63 16 1 99 53 80 73 88 29 27 31 6 8 89 30 14 13 21 16 83 76 0 72 16 14 17 37 18 31 91 67 33 67 86 9 83 43 50 49 57 85 21 30 36 67 16 30 62 59 97 57 52 67 63 90 74 37
80 88 74 80 64 92 5 70 29 12 24 11 43 15 62 14 37 10 59 80 55 51 78 47 47 15 23 46 91 85 98 62 70 30 78 9 81 84 60 45 22 51 50 67 81 18 65 71 4 53 55 95 8 11 11 35 74 18 44 40 57 6 24 27 31 19 27 69 12 41 6 69 10 46 27 68 44 23 59 86 19 70 49 22 44 69 14 1 53 0 40 96 6 94 32 35 1 91 92 98
39 47 77 60 36 13 53 92 28 91 51 62 71 73 12 18 66 16 86 86 77 87 51 59 73 11 87 52 11 32 7 40 68 16 48 35 89 94 19 29 51 2 71 53 100 82 72 80 1 14 33 89 29 65 1 10 67 100 84 93 39 5 31 19 41 11 24 5 22 9 17 9 99 26 1 34 28 33 83 37 73 80 47 32 56 69 10 72 29 19 34 22 37 12 35 72 26 53 51 86
51 61 3 75 89 59 90 94 21 15 87 14 82 81 62 46 23 28 29 53 85 22 50 24 65 1 11 93 36 77 61 38 72 48 14 13 79 38 89 81 100 2 38 71 93 9 38 77 29 57 94 63 18 66 19 4 77 100 70 42 20 87 100 26 48 88 6 51 14 26 91 22 34 42 35 42 75 51 62 17 15 95 37 80 53 29 3 74 71 74 34 70 71 51 0 69 13 22 91 91
22 65 10 10 71 18 11 72 0 62 82 35 18 83 72 15 79 13 39 83 78 99 34 29 59 13 62 71 52 77 100 6 7 7 46 72 15 80 32 6 29 56 83 5 43 0 97 44 35 5 67 9 60 70 34 22 80 31 75 14 83 96 71 73 6 25 1 92 80 20 1 33 18 4 46 41 51 14 5 89 93 66 23 82 40 16 28 91 34 33 17 62 38 6 34 39 24 56 74 52
29 38 42 55 64 84 82 93 60 26 24 9 44 10 64 54 72 85 63 13 48 16 33 7 87 39 21 73 3 24 19 35 12 22 8 5 67 43 85 5 7 99 64 92 83 88 24 47 94 15 95 18 33 22 17 97 41 81 36 32 61 34 2 57 4 11 100 14 73 14 27 60 30 5 4 17 67 31 27 52 43 67 9 6 86 39 34 97 11 51 73 55 77 48 62 33 99 33 79 15
73 17 94 17 32 86 40 47 86 56 14 80 65 74 79 71 51 39 81 64 21 15 95 90 17 83 38 37 88 3 37 54 83 28 36 33 94 41 37 16 55 71 68 79 2 81 64 88 32 43 89 89 36 91 24 39 94 61 91 84 81 53 37 17 23 1 88 7 42 60 52 8 40 16 94 78 53 25 68 28 51 0 80 49 100 21 53 97 69 90 44 8 63 41 35 70 51 30 85 73
23 62 57 72 39 39 61 59 85 65 63 79 61 21 34 57 46 76 5 14 80 91 94 35 92 78 60 60 44 57 24 26 63 97 87 70 46 24 10 80 23 23 55 1 8 6 48 38 2 76 46 97 36 55 52 48 96 5 93 77 78 53 56 83 34 12 64 92 11 79 54 42 98 63 73 87 92 62 58 65 31 57 0 23 41 25 92 93 37 7 33 25 72 41 45 49 60 42 0 4
12 84 66 51 38 89 27 27 75 27 5 90 61 32 51 21 72 32 77 52 66 46 12 72 50 27 49 87 92 33 26 25 12 84 6 44 40 61 59 67 91 24 42 3 46 65 44 76 56 49 71 12 23 96 16 88 94 62 20 97 4 42 47 33 44 44 38 92 95 80 29 71 100 99 35 87 5 62 76 78 33 81 63 71 11 54 52 57 6 90 36 8 76 100 85 3 75 20 36 71
66 48 69 66 47 92 18 70 15 13 37 5 90 9 73 51 55 48 21 37 48 93 20 43 24 30 15 79 27 88 1 13 57 82 8 67 31 57 76 83 35 15 63 81 38 25 99 39 71 26 81 26 11 23 7 80 75 19 21 99 82 13 99 14 74 69 51 85 40 69 20 22 57 94 95 97 32 58 34 82 76 99 91 83 91 71 77 82 73 8 31 64 76 66 14 24 92 47 51 71
97 64 13 59 97 33 72 48 88 73 79 47 56 30 90 4 55 4 9 47 63 24 45 15 83 33 91 11 89 97 70 11 69 34 88 37 64 74 37 99 80 91 48 50 58 9 36 92 90 59 94 58 12 42 82 2 27 46 25 40 32 66 3 77 98 67 97 68 27 64 95 1 54 39 92 45 71 13 61 15 61 73 2 39 27 28 74 43 44 100 1 74 28 47 72 41 35 92 87 26
80 55 49 77 27 21 79 84 92 69 66 53 18 22 78 5 85 99 4 39 67 75 93 81 45 100 63 71 94 20 94 4 26 62 21 75 45 21 18 38 80 9 34 35 84 60 49 87 91 35 68 95 36 83 47 90 33 33 13 79 5 63 49 11 13 83 99 98 0 48 71 60 8 95 62 92 25 0 35 46 28 64 7 23 96 2 69 37 16 99 78 21 27 87 6 46 98 78 41 99
1 60 40 68 22 33 89 61 23 14 2 51 59 34 41 50 40 83 100 19 87 33 35 40 90 85 48 51 86 55 38 55 51 36 28 32 0 5 88 40 59 86 92 74 97 5 49 22 0 12 67 57 97 29 19 70 99 51 1 76 97 2 91 44 20 13 98 59 21 31 83 67 58 33 12 32 76 20 62 2 96 66 82 2 7 34 21 39 87 7 3 79 87 58 49 1 17 99 77 96
100 100
93 13 76 89 28 62 81 37 50 15 51 41 79 64 76 42 94 64 41 64 12 6 81 94 77 100 3 15 63 14 16 30 84 52 30 56 67 83 6 22 13 31 70 51 65 58 77 15 69 77 78 87 48 95 76 83 3 32 6 44 98 100 1 19 60 13 23 58 64 7 60 22 18 98 6 68 94 49 51 48 62 7 95 25 88 46 66 64 94 47 34 64 31 18 6 10 29 7 20 44
74 62 97 76 97 10 19 93 98 44 55 44 32 83 57 2 93 47 37 59 82 15 46 66 45 19 11 4 29 72 88 90 27 11 34 28 33 22 4 4 96 52 53 69 1 54 69 73 60 99 32 31 13 73 43 75 14 37 64 31 22 86 88 22 62 1 18 34 3 37 18 6 65 36 26 23 91 22 82 79 92 64 96 20 41 13 50 84 17 12 91 19 82 8 59 91 82 33 4 28
29 63 75 14 51 45 11 44 62 42 66 82 70 71 76 71 62 26 94 58 94 24 49 84 89 29 54 74 89 54 55 94 58 57 60 100 71 90 47 71 55 10 49 90 69 27 94 31 0 43 45 38 14 91 9 25 33 19 68 50 64 51 59 100 69 1 29 52 30 86 0 44 76 21 42 13 67 9 23 100 8 10 62 10 3 48 47 31 27 55 80 89 32 59 91 15 0 92 81 76
60 17 86 22 2 41 45 87 81 53 29 81 88 71 81 96 68 23 67 58 82 9 19 2 41 69 98 29 87 73 49 29 38 78 89 52 73 97 13 28 38 16 99 67 47 98 93 84 68 91 100 79 88 30 92 53 71 93 23 65 4 8 77 30 74 93 64 74 19 97 49 51 84 81 79 35 84 8 25 21 47 34 56 40 72 43 78 52 55 38 38 38 62 15 22 0 34 9 37 19
81 33 37 64 62 43 8 99 87 82 10 46 17 10 92 68 26 25 14 71 24 69 9 41 44 57 34 15 22 11 89 73 13 1 8 95 19 27 22 34 71 59 10 29 21 84 30 17 88 86 16 11 16 66 30 16 51 91 53 51 84 3 96 5 26 17 72 94 40 81 70 94 82 22 96 98 58 11 0 91 90 15 23 2 24 35 93 82 30 42 80 82 46 89 74 46 16 26 62 43
12 69 60 65 26 1 100 7 30 50 46 3 35 73 79 68 6 100 84 24 73 27 16 81 49 38 30 24 19 64 21 98 46 44 87 34 37 49 49 6 31 27 72 2 1 21 12 17 25 67 2 53 12 18 7 60 48 21 38 31 87 16 47 49 16 12 97 33 6 81 27 86 53 4 68 38 80 17 88 32 78 19 56 79 8 4 65 19 74 76 87 31 46 44 18 95 27 78 91 62
64 86 72 57 12 32 76 53 93 87 40 29 8 86 95 80 13 13 22 62 15 13 37 35 52 25 63 17 20 23 64 48 20 66 2 18 38 68 30 22 31 5 76 9 24 83 6 92 6 46 75 71 50 76 21 2 88 90 39 36 24 25 90 40 89 41 39 20 98 25 49 18 32 2 24 26 11 24 21 45 60 24 56 76 26 18 87 97 46 62 57 15 9 67 35 88 95 17 92 12
99 99 76 21 35 95 86 11 56 99 22 87 21 94 90 18 84 42 14 22 31 69 37 30 34 24 41 49 90 37 21 62 57 38 74 40 7 99 17 37 46 54 18 55 65 33 62 32 10 49 52 62 11 38 8 97 37 21 74 21 45 61 58 89 49 48 69 19 81 13 54 96 20 33 25 10 20 36 22 44 6 2 55 2 21 79 29 21 99 18 4 94 19 95 21 64 95 15 15 98
53 36 84 73 10 43 5 36 39 50 90 61 74 79 35 22 18 81 13 1 73 3 61 88 59 89 70 93 85 25 100 7 56 39 32 9 36 87 91 14 45 77 55 35 90 64 30 60 17 12 89 85 25 49 11 6 80 59 71 35 46 43 93 49 52 79 43 76 48 18 18 51 44 72 74 10 29 67 19 59 70 42 47 46 42 26 9 44 6 69 5 11 95 49 43 80 16 88 56 1
15 26 66 29 93 100 52 23 6 70 78 82 32 22 51 68 50 7 49 7 88 22 6 89 58 51 68 31 96 19 49 10 55 73 14 96 31 2 15 99 55 6 92 57 73 32 4 53 30 5 12 35 9 78 61 9 90 1 19 77 38 6 3 56 4 56 23 65 61 22 18 10 40 85 0 57 98 13 97 64 14 88 58 22 83 69 19 59 88 52 39 93 65 62 34 8 9 79 17 10
64 2 100 4 79 20 50 38 56 16 4 34 96 67 75 96 51 83 92 91 0 99 54 41 54 61 71 3 22 84 5 28 73 100 1 28 83 99 27 49 19 41 8 70 9 59 70 52 83 11 72 37 40 2 48 83 1 0 31 95 51 67 40 85 40 77 41 40 51 20 49 19 38 83 50 98 21 72 80 57 68 62 56 63 75 57 19 66 9 58 33 95 90 91 59 44 98 22 59 33
45 52 21 100 56 84 50 55 22 68 92 48 43 72 14 33 84 34 13 68 97 82 73 47 61 82 90 7 1 77 24 93 47 37 49 82 95 16 29 73 47 85 49 18 47 32 24 67 87 54 28 72 59 68 37 33 32 28 15 51 10 31 12 38 41 74 78 19 73 50 54 54 66 27 51 55 68 95 69 29 57 70 95 49 83 51 68 27 30 90 55 30 74 88 10 18 81 47 34 83
1 10 40 66 72 65 83 62 27 31 80 19 14 45 29 57 23 93 67 62 38 83 91 30 100 32 14 0 99 73 44 76 0 3 49 86 51 44 47 77 73 52 81 35 21 22 77 79 59 40 96 43 55 80 53 81 88 31 79 86 66 89 86 49 57 42 66 96 38 98 85 35 100 50 9 56 48 38 56 25 24 83 97 73 58 81 64 53 12 5 66 20 29 3 38 78 25 17 38 8
95 35 37 63 88 17 9 10 4 2 60 28 67 82 24 74 24 28 87 11 63 12 24 6 97 46 29 20 12 71 48 68 20 91 66 91 18 100 53 2 49 92 5 33 58 1 85 72 16 88 71 5 61 26 28 33 86 92 18 39 42 100 24 80 18 47 18 66 69 19 84 84 78 22 10 39 98 98 20 19 13 65 56 35 74 88 18 74 10 6 45 98 57 65 23 22 55 14 15 93
87 8 87 54 72 11 18 72 29 77 89 40 81 20 48 22 5 41 62 52 58 67 1 19 22 18 75 77 93 87 41 80 72 17 82 0 5 39 49 67 6 83 57 89 28 45 9 15 62 38 22 42 36 39 22 31 80 94 27 59 62 12 50 54 26 74 70 37 27 38 55 31 2 35 13 0 37 98 40 60 62 78 70 12 57 18 79 81 47 62 16 1 76 84 77 25 98 4 28 93
37 92 56 20 78 97 41 13 77 83 68 87 75 48 61 39 23 42 18 95 98 25 43 43 54 60 56 55 42 26 88 85 10 85 18 96 1 32 16 7 48 85 81 68 9 74 76 44 89 46 33 84 79 79 90 15 88 35 26 58 43 30 63 69 68 38 3 90 61 83 86 59 93 86 51 26 83 85 54 51 77 16 82 74 0 81 3 60 17 81 74 35 12 29 18 59 20 80 90 46
77 16 32 0 43 53 38 25 79 4 75 44 9 46 67 62 85 81 99 86 26 30 93 37 75 76 85 66 56 53 3 83 92 97 98 84 30 39 63 20 16 99 20 8 7 48 16 30 23 63 83 16 85 15 99 19 76 97 60 5 12 27 31 67 54 94 41 43 60 62 57 37 14 13 5 8 49 48 41 89 46 57 12 63 8 87 85 1 83 14 54 98 70 7 5 90 29 6 100 14
100 50 60 10 76 36 44 69 53 78 27 56 53 80 89 38 59 29 51 39 44 33 70 97 79 3 23 64 52 87 88 39 29 33 3 11 62 1 51 91 56 72 53 64 88 90 71 35 57 19 92 75 54 29 4 4 8 31 94 79 97 38 0 98 25 79 37 63 60 92 7 3 99 59 37 98 20 25 32 41 76 36 16 14 10 53 17 84 69 84 2 27 55 42 41 28 68 77 41 61
6 4 45 71 7 28 85 47 78 55 17 54 9 90 16 7 95 32 67 35 62 81 18 24 23 60 6 54 12 95 43 7 12 1 82 62 84 2 11 23 47 40 42 7 44 52 35 98 64 98 33 64 95 81 46 73 82 96 30 8 81 37 82 29 44 60 24 26 36 60 11 16 65 27 46 26 50 19 41 93 48 17 4 85 30 96 53 59 92 71 36 95 49 79 32 35 93 87 23 20
77 65 47 71 37 3 14 29 38 70 18 100 71 35 28 70 23 19 65 81 7 84 40 48 8 91 21 97 26 44 6 22 66 46 6 65 68 85 5 73 11 12 42 18 81 87 73 80 92 98 39 80 27 85 60 3 17 74 33 42 99 89 81 85 98 83 88 96 60 28 19 28 26 51 8 26 13 19 51 94 45 94 2 92 42 0 58 10 96 31 83 39 4 19 26 68 21 30 6 3
33 71 61 26 72 74 54 77 72 89 31 43 15 81 65 64 53 33 96 62 93 79 67 41 18 12 60 30 33 9 30 92 7 11 51 83 41 42 89 59 53 30 89 3 27 59 48 70 82 41 21 32 0 30 20 51 24 59 56 26 37 53 15 28 59 52 37 70 80 82 33 69 96 66 8 62 52 67 88 40 78 92 62 75 41 100 54 52 58 82 44 48 76 12 29 75 81 0 19 7
100 54 1 45 41 15 68 46 8 76 21 58 57 83 65 90 52 32 45 26 28 15 40 34 60 16 28 81 30 14 23 20 48 45 21 41 79 92 20 49 84 43 22 46 62 74 63 26 48 55 1 82 19 81 40 27 31 19 62 15 80 82 95 95 74 91 63 16 60 48 2 99 71 18 98 100 88 8 1 45 85 4 44 54 88 49 4 51 48 34 30 71 22 98 3 59 61 41 85 28
48 75 33 35 95 94 41 10 4 87 71 23 2 48 70 8 97 58 87 3 14 2 64 77 16 55 27 78 29 95 35 60 63 29 4 17 17 86 30 49 81 93 32 79 18 93 79 66 12 51 93 85 95 68 17 36 53 90 30 2 61 82 56 76 4 95 11 89 55 30 17 26 14 58 67 100 4 99 80 35 74 11 32 66 46 49 26 96 11 75 87 26 29 32 24 7 82 3 95 52
81 60 57 55 53 66 59 71 90 34 31 84 60 0 50 69 56 82 58 15 34 68 68 39 43 6 13 10 72 90 89 11 13 69 1 41 67 67 28 32 74 27 35 14 11 37 9 49 52 77 13 95 72 78 94 66 49 81 94 50 73 48 95 76 75 99 39 86 41 72 31 74 99 8 73 26 53 45 18 98 56 41 12 50 88 82 67 99 19 50 51 52 24 8 25 47 38 22 71 2
22 40 44 8 86 11 26 49 75 39 55 43 9 19 65 76 77 27 89 96 61 34 87 45 61 19 14 9 1 95 74 29 39 14 50 18 21 88 43 65 85 98 41 97 46 28 87 30 18 95 95 83 89 59 49 79 82 97 98 96 19 5 87 76 94 28 90 7 11 66 58 3 46 63 60 7 33 27 82 34 28 54 82 5 7 87 31 29 87 73 31 0 4 62 62 86 57 2 38 61
13 65 76 60 85 29 68 77 35 6 23 72 20 2 3 37 30 29 80 5 97 67 32 31 60 19 42 94 90 72 49 30 35 70 21 2 40 93 37 94 17 16 22 8 93 85 77 95 50 83 57 5 36 84 62 29 75 94 58 75 50 99 62 97 83 60 97 28 6 2 73 13 73 74 4 63 89 84 15 19 65 56 16 30 78 62 21 24 58 17 59 97 87 65 33 91 26 42 18 66
18 43 71 42 15 48 69 82 70 10 87 0 19 78 12 18 44 1 7 76 37 45 46 27 34 31 54 94 75 58 0 59 3 8 87 41 33 82 9 20 97 0 98 21 89 40 81 45 13 87 16 98 46 49 81 49 91 81 50 4 53 64 66 75 96 80 74 96 67 3 11 33 40 72 0 83 55 62 19 68 13 38 3 87 45 31 13 72 68 81 51 95 51 32 94 55 54 47 24 28
76 26 53 65 75 43 74 58 86 60 90 64 41 48 40 2 67 51 98 46 93 6 8 91 10 83 86 41 47 65 13 27 41 73 42 36 55 44 74 18 15 89 10 23 36 39 26 95 23 24 41 90 82 99 31 71 17 3 75 45 34 31 17 95 15 57 96 88 37 72 39 92 69 62 2 25 100 28 7 96 26 70 72 8 76 20 8 84 95 19 81 27 66 54 24 31 70 81 82 34
12 34 29 51 51 94 7 70 45 19 33 68 39 98 69 34 98 90 76 29 23 16 69 81 74 86 75 97 5 57 74 80 93 39 65 54 7 0 75 37 5 13 27 59 69 61 87 2 8 48 82 98 81 62 13 11 77 63 30 64 96 51 49 85 14 6 82 55 77 47 21 6 52 88 82 59 13 9 19 46 67 21 44 70 0 6 69 16 52 20 60 31 33 57 38 14 57 51 86 58
56 99 19 34 62 66 92 85 40 76 62 30 0 28 59 49 13 47 2 11 7 1 65 67 89 15 56 30 64 51 31 67 72 77 73 2 18 26 69 66 63 16 42 73 85 20 79 32 78 100 5 95 62 76 55 40 55 26 31 21 85 8 27 69 17 10 50 71 52 18 52 94 57 50 24 0 53 98 23 82 57 96 96 39 64 3 41 15 56 53 22 84 87 23 42 64 32 87 25 91
95 41 29 44 36 83 39 26 94 25 66 11 97 29 71 15 81 75 44 36 35 48 41 59 48 9 24 5 52 3 31 54 65 15 20 75 48 74 74 20 25 90 39 15 35 48 2 97 31 84 36 20 4 92 30 53 22 31 89 49 91 88 82 77 68 100 99 40 59 99 38 0 88 28 8 77 28 33 94 93 23 15 15 48 55 46 53 2 42 83 25 43 67 71 6 3 27 25 42 87
1 93 73 95 74 96 88 55 7 9 25 44 91 16 44 82 56 43 58 47 37 39 32 12 89 68 35 2 22 7 27 26 40 20 82 92 41 90 59 11 0 45 68 95 19 20 80 14 60 74 92 42 49 26 59 90 79 2 81 43 17 84 41 27 18 9 54 3 9 98 36 15 61 56 19 80 9 39 97 88 58 0 67 42 26 87 2 100 92 25 91 54 92 100 91 54 45 74 84 44
60 75 61 34 3 31 3 33 23 35 78 54 77 57 10 57 38 49 0 32 83 48 11 62 85 75 20 12 10 93 13 13 100 7 56 24 17 33 45 57 19 43 89 95 1 38 99 22 100 4 14 38 12 17 21 64 15 79 71 72 12 71 38 71 74 72 56 86 100 13 33 76 7 31 90 18 33 70 43 47 51 81 29 39 54 95 90 50 74 82 68 28 41 22 82 41 8 35 38 93
58 11 36 54 92 77 13 27 65 55 67 5 69 80 90 16 90 28 13 50 12 29 95 75 11 7 68 9 44 35 34 93 36 8 31 11 53 96 24 98 34 71 35 7 11 14 6 30 32 56 92 48 62 13 29 52 38 65 59 14 97 49 83 97 93 76 46 70 3 87 99 42 85 51 80 88 28 88 26 75 60 83 90 18 35 21 15 81 22 17 76 74 56 94 21 34 57 2 75 10
76 43 92 94 71 35 41 28 100 44 60 15 70 88 9 58 55 4 27 68 46 59 71 59 68 11 82 5 29 62 26 3 63 51 88 34 78 21 24 81 65 90 62 1 14 77 48 43 50 50 33 28 97 54 70 97 74 12 2 47 69 96 13 84 75 17 34 65 88 77 61 23 79 19 42 47 67 71 28 16 93 11 4 0 89 52 58 55 9 17 8 94 9 53 27 47 99 25 29 93
81 85 27 26 52 60 95 33 75 48 68 82 44 78 2 2 67 22 71 30 30 76 42 65 24 42 36 80 52 9 34 73 58 62 87 29 24 5 9 61 76 31 89 7 31 2 36 0 21 61 19 18 30 88 24 3 34 54 59 6 97 5 9 57 80 100 31 86 21 79 37 28 60 10 13 86 98 1 60 81 100 30 75 3 47 4 45 61 97 24 86 60 52 92 17 40 68 18 19 30
49 72 21 3 95 57 51 18 57 93 86 34 64 73 95 33 23 24 28 6 64 61 56 22 18 37 75 93 100 59 84 20 28 80 43 93 5 92 13 0 53 53 77 91 70 93 87 8 72 63 60 92 70 42 89 62 53 41 11 74 78 47 88 80 6 36 33 46 55 92 70 24 65 58 1 22 33 18 92 11 49 53 47 33 78 24 55 98 93 79 99 52 61 22 67 26 30 0 14 33
60 41 43 15 16 1 79 68 31 17 62 47 17 65 8 11 60 55 62 3 3 100 86 49 20 67 17 89 19 66 87 17 72 53 16 39 67 30 69 13 64 9 26 90 31 93 36 36 44 28 90 9 11 77 36 78 99 66 51 57 14 47 32 17 54 5 62 44 4 45 57 100 47 21 72 54 4 18 5 46 78 86 13 20 93 14 65 65 62 16 71 28 41 70 72 71 45 5 59 70
19 90 30 87 37 98 15 31 13 22 57 11 11 5 31 11 17 30 54 32 43 87 49 4 25 12 58 15 43 80 29 29 72 83 16 64 8 88 11 42 41 32 83 11 55 45 76 82 21 77 24 35 82 19 78 89 36 13 37 23 31 52 8 0 92 13 39 26 81 6 99 72 50 26 38 35 84 97 83 85 11 80 66 51 51 0 75 47 44 10 30 42 27 52 27 8 7 68 15 18
11 95 34 46 70 69 60 52 99 87 92 98 27 1 19 90 8 98 84 58 73 49 30 91 46 53 18 94 30 30 71 26 55 19 22 71 99 20 95 51 50 91 56 18 81 49 34 78 99 81 61 51 25 2 82 73 70 70 29 14 63 8 56 10 55 92 26 59 82 75 28 86 57 23 12 37 35 80 33 22 83 68 35 37 43 30 76 94 100 48 97 53 19 84 73 29 8 46 27 47
50 17 81 2 27 100 63 92 43 80 60 56 74 70 71 94 82 11 89 35 35 50 61 70 74 53 21 52 62 76 39 48 28 7 19 11 50 54 56 83 92 20 59 23 67 55 40 99 36 33 41 70 68 18 66 95 72 8 75 5 56 3 25 76 36 92 69 62 18 73 76 60 60 35 86 79 38 15 100 64 7 64 75 60 22 21 9 41 89 52 77 36 27 93 6 54 90 86 14 12
50 35 35 45 66 51 7 69 72 69 94 88 92 53 80 47 30 56 13 0 18 90 4 81 32 37 95 46 5 79 51 87 35 53 63 3 66 78 20 29 32 36 46 3 83 46 10 30 55 66 35 99 54 38 20 58 63 51 79 63 32 58 33 52 73 89 72 38 98 73 6 83 60 13 23 8 47 14 76 5 44 65 40 63 62 28 13 50 59 73 92 95 9 67 20 54 24 70 78 13
11 77 59 12 51 51 98 34 58 75 0 44 50 26 78 22 56 32 63 36 23 45 57 29 79 60 30 6 70 32 90 24 49 26 59 26 80 58 89 67 86 15 77 18 41 47 51 35 4 4 45 41 63 69 91 30 24 18 98 32 36 69 74 88 28 93 32 96 3 51 84 20 57 72 10 77 4 16 66 83 81 20 22 53 36 54 55 82 14 84 52 55 97 36 21 19 49 23 93 50
64 0 45 10 52 40 32 19 60 80 40 35 25 40 54 86 31 7 10 80 87 45 80 96 26 11 87 31 27 23 93 20 63 23 53 76 94 51 10 36 74 61 33 95 15 46 45 39 57 1 2 96 10 71 1 63 23 5 63 59 47 85 65 67 88 75 35 40 14 91 33 54 17 38 59 11 54 11 28 0 60 9 24 52 62 50 47 51 51 99 44 55 42 75 0 13 55 14 57 7
19 59 0 43 33 17 42 87 82 58 98 75 62 25 18 14 0 19 55 54 97 27 46 4 5 81 58 2 70 16 46 23 4 6 72 31 9 62 98 84 54 15 78 28 2 11 56 7 43 7 54 57 33 46 50 93 16 32 5 68 13 69 45 90 64 73 20 47 31 45 53 37 13 58 36 27 43 23 16 33 36 6 50 21 99 31 74 20 6 41 78 45 70 45 36 91 41 21 81 23
2 20 27 63 12 33 37 67 66 74 56 24 72 91 72 26 37 99 31 79 100 1 8 94 10 17 15 93 54 2 97 62 69 19 79 50 1 52 35 53 19 10 95 98 79 19 35 43 9 36 16 60 62 95 9 12 48 95 34 64 38 66 55 25 1 5 59 46 19 74 55 65 90 90 39 81 55 17 19 17 91 88 52 80 39 20 79 65 8 99 74 93 53 49 57 62 64 9 82 33
100 76 55 8 99 57 60 96 33 21 49 21 57 16 10 82 29 48 37 46 80 56 36 67 67 70 32 11 68 64 3 40 29 15 27 67 7 36 99 85 72 19 19 96 28 34 98 61 28 0 99 19 64 70 14 89 66 90 93 14 99 38 65 55 85 34 26 61 32 48 17 55 37 71 72 44 32 1 80 2 11 25 28 54 33 60 54 18 66 21 66 18 65 81 50 94 56 97 70 8
24 67 15 75 16 44 79 26 74 42 72 68 99 14 58 45 63 48 87 77 38 42 27 38 43 97 38 31 66 19 67 66 44 61 20 38 53 59 37 71 8 58 76 83 36 89 86 58 48 73 17 61 52 52 92 62 32 96 22 66 68 61 22 42 48 36 47 24 41 94 72 23 35 24 33 51 89 89 23 58 35 34 44 12 95 57 99 83 76 70 75 41 21 84 75 58 89 32 68 77
10 18 26 69 16 27 0 7 41 24 20 77 12 70 26 15 74 52 70 100 57 48 30 81 43 59 23 19 36 90 59 2 41 48 20 62 7 37 95 81 51 78 89 8 36 67 78 17 43 3 45 2 48 11 73 28 74 93 62 40 46 51 44 68 63 76 28 73 90 77 97 87 35 12 31 100 13 49 4 17 27 86 60 75 88 99 11 47 47 50 73 77 77 69 53 20 49 61 60 19
5 11 34 12 71 92 54 10 45 72 21 87 97 56 61 13 45 48 42 96 35 5 93 8 92 86 39 63 23 36 92 93 100 91 93 28 23 92 48 52 12 15 42 21 52 28 39 86 78 32 95 66 63 98 50 13 76 38 49 59 82 81 41 60 14 70 70 21 100 60 66 8 0 55 19 63 98 53 38 39 35 52 7 40 23 83 89 4 53 0 5 8 25 33 73 27 19 65 91 61
80 100 16 11 30 65 46 17 12 44 73 95 67 38 78 88 12 94 65 16 2 20 83 58 79 95 62 75 71 54 33 96 11 18 16 89 61 75 12 21 41 48 53 64 32 100 63 30 62 51 32 98 19 89 86 48 99 36 76 42 86 80 62 39 48 6 89 89 21 63 94 38 83 62 14 31 89 66 87 9 78 71 45 87 46 37 81 84 28 17 67 43 65 51 31 8 45 100 47 72
77 37 20 31 8 22 46 5 82 86 44 96 1 8 69 66 15 5 81 46 2 73 95 73 43 83 48 50 13 98 74 87 58 65 75 43 26 48 70 20 56 43 47 62 97 61 67 80 84 67 58 38 52 70 53 87 75 19 30 72 37 79 9 73 52 56 5 53 1 49 61 77 52 98 68 12 81 14 15 36 70 30 69 62 20 89 66 85 2 13 43 79 65 0 12 95 79 40 33 43
57 51 81 37 15 91 39 84 47 74 17 39 75 35 50 80 32 43 6 25 19 82 58 74 34 71 72 39 92 88 54 87 57 1 70 80 80 26 59 91 77 25 26 43 80 14 85 57 69 42 98 26 95 97 32 69 75 10 48 85 86 90 59 8 51 41 1 66 87 53 9 10 54 80 71 56 29 24 66 9 84 3 87 89 75 20 90 33 49 7 29 63 90 27 25 100 30 49 30 76
4 78 83 37 64 17 80 41 54 12 28 91 99 21 0 20 35 29 78 85 85 16 99 49 7 95 53 77 63 32 94 91 65 53 89 24 76 87 14 93 52 38 79 39 11 100 13 64 70 19 5 14 40 50 9 91 38 87 82 64 88 77 14 39 22 27 24 84 95 48 8 45 66 77 94 40 30 100 49 41 24 34 14 27 60 1 9 100 83 35 22 39 55 94 75 77 82 40 76 98
41 14 72 54 77 42 10 86 18 65 71 83 18 71 61 21 34 59 13 71 27 98 46 24 12 43 97 2 26 21 48 54 47 23 84 91 26 75 40 1 2 8 35 45 14 69 75 23 25 20 44 0 15 37 50 37 67 48 81 86 48 24 79 17 82 78 55 93 43 50 58 21 72 7 48 72 15 23 94 67 92 82 64 70 23 74 89 98 75 74 87 76 41 73 9 41 85 70 9 53
46 68 66 46 44 9 12 91 28 37 76 83 83 44 22 15 86 61 59 0 34 57 41 79 71 5 51 8 27 8 65 22 64 81 45 22 27 26 43 36 68 6 61 34 85 9 33 81 6 15 55 9 37 64 63 44 21 38 2 91 32 87 77 31 82 2 20 45 46 42 23 9 58 49 91 93 75 25 83 87 41 13 59 4 87 53 48 21 63 49 6 26 13 99 31 16 17 94 59 29
87 77 64 96 34 3 72 13 72 74 52 82 56 78 93 51 34 59 26 65 36 78 97 58 58 16 55 24 2 48 44 72 40 48 5 80 86 6 7 6 34 67 23 22 86 34 55 28 24 88 100 62 39 99 22 39 49 9 62 81 24 89 37 85 87 78 0 67 84 12 86 98 46 90 55 32 43 59 73 24 5 0 54 25 81 59 15 82 85 26 39 74 52 92 88 15 88 35 31 44
58 5 41 18 7 67 70 7 25 33 68 16 62 43 86 18 6 65 52 95 76 65 91 22 7 8 78 76 83 23 69 99 44 40 22 70 10 16 63 75 55 8 19 87 11 99 35 20 3 64 2 71 14 99 58 88 16 31 52 68 64 49 65 59 5 56 39 0 31 87 73 18 2 70 33 33 41 79 64 24 40 27 46 36 67 13 1 70 65 27 69 44 73 34 84 45 27 58 94 68
67 7 10 27 86 20 36 20 88 48 64 45 96 0 21 39 53 52 54 28 0 96 78 10 8 5 54 12 24 64 30 15 66 1 31 57 29 35 48 41 41 70 86 46 50 57 10 88 3 28 14 1 41 76 60 34 45 49 88 41 26 93 84 26 60 67 42 83 93 47 54 89 36 78 91 21 53 73 56 2 19 6 70 4 94 93 33 2 84 49 77 17 56 80 83 15 97 46 13 9
65 43 39 18 93 83 83 94 84 27 26 7 56 36 80 4 87 62 15 90 73 77 81 80 72 1 9 11 86 84 100 80 10 66 70 87 24 73 23 94 17 98 36 52 42 77 33 91 34 27 12 79 56 49 3 10 38 81 0 71 89 80 57 21 43 39 86 91 88 71 12 95 55 47 4 42 64 56 23 27 57 82 14 39 71 44 75 62 29 59 0 63 16 5 22 72 73 41 0 99
71 15 34 26 34 50 33 40 49 39 74 98 64 100 42 73 6 84 78 46 34 36 93 42 37 25 80 39 73 51 14 41 25 88 46 50 8 62 83 12 4 82 31 46 8 77 82 86 79 31 6 65 13 97 31 27 22 32 74 34 89 61 70 99 88 34 54 42 55 78 38 81 46 66 15 20 2 46 74 31 13 85 1 52 4 60 69 68 3 88 4 85 92 58 25 79 73 9 75 79
98 14 41 100 30 1 23 34 68 64 29 99 72 92 77 50 3 98 70 18 82 21 76 45 71 6 43 55 18 84 81 98 18 82 70 13 78 45 25 38 1 72 81 20 40 39 61 19 39 93 76 59 8 66 93 22 87 97 68 72 12 46 75 22 34 41 45 39 36 40 86 98 8 76 5 40 88 66 26 97 53 9 17 86 76 95 26 40 21 47 22 12 8 9 37 98 75 8 78 79
9 30 98 86 95 44 51 79 77 80 36 71 98 57 74 69 88 2 42 40 40 97 33 32 36 55 16 74 79 34 8 17 37 32 15 28 32 100 93 85 14 95 71 73 33 14 73 0 57 74 95 15 3 40 43 38 52 99 75 12 17 18 94 54 3 100 69 78 6 65 47 77 97 21 34 6 15 6 27 19 44 85 86 25 69 29 75 29 37 42 13 32 57 19 39 99 57 40 1 92
23 43 71 35 84 38 77 61 38 29 55 19 20 66 87 61 18 97 36 82 100 67 85 28 87 81 71 72 30 33 36 35 65 22 90 14 40 75 4 74 76 74 59 76 56 83 37 49 73 80 59 22 62 62 77 10 97 46 88 52 54 74 30 21 31 94 95 89 76 93 3 28 26 4 20 26 91 15 35 38 84 84 91 4 96 99 74 78 61 83 36 29 55 30 76 27 74 90 25 89
70 49 95 43 23 26 36 96 100 45 31 78 84 96 11 32 39 32 95 76 99 64 5 48 21 68 71 38 65 96 63 29 0 42 27 44 28 21 42 32 55 43 53 88 34 36 7 38 29 73 5 41 86 19 60 1 88 25 48 50 76 35 60 60 15 19 57 67 88 25 51 0 86 77 9 27 95 72 20 22 51 38 32 80 23 21 36 39 67 33 19 21 40 27 58 88 32 27 67 75
12 18 85 44 27 71 55 3 45 98 25 65 67 6 13 25 77 81 78 97 37 73 99 24 96 80 24 100 69 13 95 30 2 14 32 97 18 13 23 34 26 42 37 30 73 45 59 13 20 57 82 49 67 74 86 81 91 86 69 39 37 32 20 81 20 5 49 78 87 32 65 19 83 16 3 46 24 24 86 48 46 98 47 45 46 55 94 59 64 93 66 12 80 2 9 65 84 41 69 39
19 96 5 43 61 59 91 10 13 79 60 20 4 93 61 65 52 56 13 88 18 82 63 49 31 18 100 12 32 43 86 66 10 73 84 19 28 25 3 20 72 35 9 99 78 43 82 16 56 78 59 73 7 36 60 27 12 33 27 15 64 64 3 17 55 2 55 9 84 64 92 82 97 61 86 61 76 49 77 48 27 75 83 30 38 23 34 7 42 80 60 64 3 79 83 28 95 29 50 25
3 4 49 47 72 4 65 100 98 30 44 63 69 70 75 40 13 32 36 1 85 90 71 44 18 4 88 80 88 99 18 31 77 78 61 70 74 8 46 97 66 27 33 66 19 28 17 67 83 69 32 61 30 50 83 17 81 48 72 19 95 3 55 96 86 8 25 98 74 2 62 100 94 86 30 71 14 59 72 0 18 94 33 59 42 15 4 46 44 60 9 5 78 44 36 94 87 86 14 71
75 66 1 41 31 58 70 37 80 93 74 82 74 2 99 35 83 81 65 32 95 58 12 42 30 15 24 1 87 18 42 71 76 31 93 54 60 10 42 39 92 52 54 9 55 77 47 83 12 50 5 71 62 79 3 22 48 0 47 39 49 80 85 85 1 3 15 44 71 64 8 27 46 81 82 53 74 64 36 96 50 17 79 74 93 62 82 24 54 89 11 76 99 33 64 16 69 32 3 2
86 30 48 79 49 78 71 56 45 15 66 87 98 77 46 22 10 76 24 52 7 52 58 79 87 14 74 58 20 53 76 93 33 48 86 59 45 23 90 70 9 43 75 75 85 78 92 42 58 69 63 35 66 3 0 40 59 64 27 6 89 83 22 88 57 23 50 42 0 25 93 35 19 40 30 5 2 55 77 25 56 15 9 1 75 96 1 65 84 16 50 77 50 58 79 47 55 80 33 44
39 52 93 42 14 73 63 93 65 60 73 75 70 57 26 56 85 79 50 18 7 81 48 1 22 56 43 7 44 40 97 26 94 39 79 90 4 82 80 35 67 69 24 15 27 85 100 33 31 21 62 55 47 82 88 94 28 28 4 6 17 5 18 16 35 13 77 3 24 26 15 8 13 32 0 4 92 100 10 7 5 22 23 13 38 21 73 86 27 59 52 48 28 89 4 77 95 88 57 53
25 54 73 61 21 39 77 92 18 69 58 59 6 0 29 20 66 33 11 79 15 53 76 25 16 29 75 8 6 22 75 72 31 57 42 91 15 92 89 70 19 85 97 92 93 53 5 17 40 1 97 2 61 67 13 21 23 57 96 42 32 68 33 25 45 30 62 80 86 93 12 17 62 2 54 93 97 9 31 87 52 38 66 82 61 16 78 93 18 37 36 80 56 23 71 11 66 46 27 96
98 95 62 34 57 61 66 94 74 11 67 38 33 21 36 33 50 15 90 38 71 11 47 75 68 15 71 86 42 98 50 59 91 19 52 93 62 13 11 71 63 61 61 2 33 74 12 37 33 25 29 41 28 87 39 61 4 68 39 28 32 86 100 69 5 90 24 15 58 23 50 96 74 10 79 54 94 55 79 75 70 14 62 75 46 82 2 79 32 22 71 27 97 52 0 51 39 99 100 16
31 33 70 68 28 20 52 24 2 81 77 86 40 66 94 50 60 28 79 19 12 92 84 9 79 86 93 60 50 74 37 87 17 26 58 44 37 36 75 100 98 20 41 84 99 100 58 35 18 91 82 94 30 48 79 20 28 100 26 81 61 31 19 17 64 42 91 84 72 33 61 31 15 44 14 14 36 60 71 63 58 12 62 10 71 24 66 69 63 5 41 57 73 39 50 12 91 61 98 70
29 26 16 24 67 96 67 80 5 80 30 19 29 70 14 67 57 10 94 96 88 20 42 21 20 44 59 30 81 40 90 6 17 14 48 54 57 93 77 34 23 44 80 43 93 10 71 32 71 87 35 60 57 23 99 56 23 89 93 51 72 80 46 39 78 48 86 83 97 41 46 21 9 67 50 54 38 86 57 12 46 25 19 81 92 80 28 78 70 76 73 39 80 57 2 15 11 87 73 78
20 11 76 73 43 63 11 61 59 88 84 74 38 18 63 79 83 51 72 68 13 10 80 64 20 38 36 55 58 30 92 33 42 94 56 8 73 79 98 15 49 28 43 87 63 94 77 42 55 51 89 54 68 34 54 100 86 93 39 7 86 26 72 45 19 89 83 14 22 69 76 20 0 20 88 3 39 15 72 25 75 62 10 4 50 12 82 45 21 98 87 46 8 87 55 58 97 50 84 19
82 69 14 32 81 48 52 66 93 62 69 22 94 45 16 84 78 49 69 10 31 55 53 21 47 14 3 16 20 33 38 99 35 33 52 11 25 22 40 62 60 84 77 55 19 1 25 80 97 21 52 43 80 74 44 95 69 85 68 92 86 39 78 63 55 65 25 41 26 28 9 44 73 29 68 41 25 97 91 71 93 28 40 71 22 100 19 75 84 8 89 1 89 51 8 51 66 13 49 16
30 51 94 74 65 65 76 39 98 100 18 93 58 42 5 12 5 8 39 3 74 8 87 22 87 39 89 58 58 31 95 64 53 67 53 52 41 2 11 87 28 84 60 87 89 8 59 97 42 65 80 24 68 11 21 2 64 41 79 49 49 6 6 90 29 12 0 1 89 61 11 8 19 43 100 40 17 43 44 50 93 77 87 0 85 46 78 80 82 45 30 29 74 78 91 27 74 17 52 42
38 24 64 48 20 96 31 29 79 36 75 90 18 30 86 100 63 11 4 40 24 95 61 70 8 88 1 63 49 97 99 60 36 60 3 18 0 71 16 24 57 76 6 7 97 39 63 93 2 96 3 70 6 45 30 1 61 48 69 74 78 3 75 81 98 10 9 37 50 98 66 85 74 25 100 52 76 77 42 40 90 13 15 39 17 39 11 65 84 69 2 57 96 4 60 7 39 13 47 89
34 54 65 31 17 12 83 55 59 37 60 82 43 15 25 30 21 65 40 97 32 88 23 66 28 46 78 46 65 40 10 91 11 38 74 59 78 1 54 48 30 57 87 79 5 78 78 21 24 49 40 82 74 88 54 40 43 2 65 52 7 33 8 14 7 39 48 83 92 18 62 15 15 50 19 29 5 41 18 1 98 30 49 41 63 29 33 17 57 24 18 21 55 83 8 73 93 21 36 39
54 93 59 12 84 57 79 0 82 26 56 31 23 75 27 94 11 54 44 53 1 59 62 69 89 64 78 13 60 79 22 98 19 11 2 48 29 33 5 30 59 40 6 90 93 30 86 20 28 75 44 20 83 89 90 98 66 41 62 8 49 2 84 82 55 7 60 86 43 84 82 92 83 17 87 57 55 81 56 99 25 9 92 47 37 44 35 20 47 82 33 55 9 49 64 89 13 22 62 90
41 48 35 75 97 30 59 13 83 84 49 26 71 47 19 54 95 60 3 45 32 41 46 53 27 85 73 79 73 30 69 87 89 74 25 69 73 4 62 33 63 49 29 61 89 72 35 34 19 8 22 38 12 13 28 38 11 98 98 9 83 95 18 25 14 75 8 67 50 26 27 35 36 51 51 84 27 57 78 59 13 30 88 79 30 18 62 21 76 78 4 53 95 52 76 80 91 40 56 81
85 54 63 56 45 57 58 12 6 84 34 73 85 99 64 67 53 64 65 92 77 21 34 19 31 16 34 23 45 19 89 0 29 16 40 89 28 44 88 18 53 36 67 33 70 55 17 94 52 96 98 21 47 21 80 49 97 49 22 20 76 38 51 79 20 55 36 68 17 28 17 56 10 67 81 54 24 0 12 64 38 84 96 60 25 22 26 35 16 29 7 66 85 1 36 18 35 100 31 76
72 53 53 24 17 86 98 0 20 44 42 61 66 68 49 44 25 36 92 5 95 51 0 31 86 37 37 52 87 100 80 52 22 63 98 97 4 48 4 25 71 28 15 81 95 31 6 8 1 77 62 61 0 4 26 11 68 13 23 43 7 41 2 39 13 79 31 68 58 33 89 90 65 100 78 92 93 17 71 62 96 88 46 64 12 46 41 72 59 100 94 88 13 63 48 36 3 93 72 68
90 92 100 16 4 51 88 72 15 73 59 27 52 68 52 8 42 41 56 43 27 45 28 21 56 72 12 41 41 0 64 38 65 87 61 59 88 18 13 5 74 3 49 77 84 14 20 42 37 22 11 74 4 61 5 24 98 26 56 100 66 93 20 53 15 60 51 41 39 42 54 83 82 78 20 33 23 3 20 86 36 29 26 57 46 98 63 36 18 87 67 9 85 28 75 30 72 48 73 11
99 2 13 93 3 6 41 87 58 16 47 9 40 28 36 40 38 15 52 19 47 91 81 75 86 91 34 58 71 31 56 86 7 66 17 66 41 56 22 11 98 94 0 80 91 55 23 30 72 86 64 57 28 50 41 73 14 80 36 98 83 97 87 50 100 62 21 0 20 95 38 99 51 51 51 20 52 36 36 8 0 10 79 8 26 4 64 33 39 81 0 99 38 87 0 25 55 17 9 77
10 20 82 72 87 75 42 31 56 19 81 6 57 52 26 41 10 14 74 45 99 21 98 38 21 74 86 49 48 77 28 16 57 32 46 7 22 70 74 57 51 39 52 10 61 35 4 53 70 22 1 57 19 79 20 52 37 4 27 30 28 51 26 65 20 9 73 64 49 79 92 25 98 42 70 70 37 23 19 88 11 5 96 89 3 72 14 57 13 87 6 26 87 2 60 78 69 62 36 92
71 73 82 11 52 50 43 29 15 46 30 21 28 60 65 70 66 80 7 81 33 12 3 98 23 29 65 90 92 90 59 37 1 6 36 89 31 5 35 97 15 0 86 74 66 41 97 47 10 8 2 30 54 38 95 97 69 55 64 82 13 55 39 82 79 83 2 59 11 10 93 76 60 66 32 10 70 56 63 42 24 21 88 80 5 38 76 69 46 11 84 93 26 20 25 30 40 19 26 87
69 23 89 39 14 66 92 21 92 52 23 99 98 4 35 23 9 53 81 60 74 63 28 60 93 85 61 12 18 98 66 25 44 25 97 15 23 36 43 71 91 76 25 64 21 95 50 79 69 77 36 89 12 66 67 79 23 41 81 28 4 61 31 0 30 63 5 36 14 32 78 35 34 94 69 15 2 72 100 75 12 73 16 41 55 50 53 71 73 90 94 29 77 33 50 100 63 48 1 11
69 70 42 50 36 10 54 43 30 91 97 54 58 82 77 93 80 59 8 50 78 36 63 71 92 13 6 37 6 6 51 64 62 69 24 82 73 74 80 61 4 8 70 92 79 18 94 23 45 34 19 10 84 40 37 71 35 62 11 48 81 92 12 96 86 75 18 62 21 32 13 56 73 8 50 70 32 40 1 38 84 49 33 24 21 32 20 83 56 37 55 28 9 81 10 76 70 89 30 55
68 10 50 9 35 95 48 49 51 64 55 77 61 50 0 27 43 51 60 88 96 23 12 6 38 93 63 82 49 35 80 31 82 67 93 85 18 32 48 2 38 46 29 76 52 90 87 77 26 62 15 28 25 36 22 9 88 4 10 6 10 90 21 100 12 30 23 36 18 51 89 29 40 11 81 84 75 78 100 94 62 68 70 11 67 35 45 91 42 62 88 80 2 40 41 15 14 95 51 51
91 24 66 10 33 83 38 36 16 14 92 85 28 73 79 37 71 92 72 86 12 35 83 93 66 50 76 64 53 0 8 96 83 99 57 24 70 89 6 35 29 32 95 38 61 22 18 12 9 19 43 9 28 85 15 24 65 8 56 44 22 53 22 49 93 70 73 55 11 97 83 43 65 38 22 41 23 69 68 66 71 88 19 48 25 27 30 64 81 95 6 69 78 14 22 57 0 63 74 68
74 11 33 69 18 28 39 86 5 69 70 32 77 38 64 41 22 23 30 66 90 27 71 23 39 97 27 24 49 0 70 85 7 32 16 93 100 70 4 63 16 14 53 63 34 87 37 23 49 39 72 79 1 38 14 90 91 11 10 5 63 92 34 79 15 94 66 73 33 47 95 10 13 19 70 95 56 33 13 66 5 14 32 54 16 3 54 9 2 7 90 24 68 51 16 65 35 45 20 89
72 61 22 61 88 80 27 14 21 15 93 7 14 39 78 54 45 5 72 57 87 36 99 60 91 19 63 64 7 63 57 67 26 48 36 76 52 22 27 35 4 7 49 11 59 22 95 48 30 43 48 85 24 34 66 46 30 10 32 58 82 60 89 15 13 74 51 55 71 65 13 34 23 37 100 31 7 72 30 52 50 34 42 19 23 87 84 33 14 56 100 42 81 65 98 62 30 13 13 99
40 41 15 82 59 48 91 50 49 29 36 75 60 73 64 43 96 67 22 11 31 20 54 40 42 58 52 100 17 0 76 83 24 66 52 11 25 100 70 96 96 16 98 93 54 32 27 36 47 67 62 42 62 100 25 98 16 41 37 90 53 65 88 11 98 52 9 74 48 59 94 73 8 87 1 2 48 79 61 97 40 94 45 72 82 77 17 29 97 1 4 76 68 46 39 3 41 64 97 89
64 21 98 10 17 64 69 85 55 69 39 32 9 48 81 20 69 10 19 93 60 32 29 82 49 9 64 50 7 1 63 55 85 81 28 56 68 37 89 59 100 93 73 18 79 46 63 31 15 72 43 94 97 98 60 88 8 64 54 33 20 49 55 38 2 69 75 49 31 34 95 82 70 52 19 91 96 58 66 8 15 86 35 43 51 83 40 42 54 36 47 6 59 90 0 41 82 2 93 13
86 83 88 35 90 100 7 39 44 98 37 96 85 39 59 30 67 15 76 32 82 71 36 91 18 27 16 83 40 4 13 28 12 57 70 67 25 2 21 17 19 0 44 86 80 41 54 37 7 17 39 15 98 84 56 46 46 68 32 16 86 71 38 3 68 69 56 84 18 34 38 3 24 54 37 94 45 71 24 78 65 90 71 70 91 6 75 14 6 9 27 10 46 15 41 44 8 96 48 92
53 70 89 67 54 41 68 7 39 83 74 71 40 18 7 94 15 59 25 65 36 94 47 23 78 100 99 50 95 79 94 89 28 81 90 20 11 15 0 16 8 46 26 50 21 8 74 21 91 44 78 89 73 17 81 57 95 12 0 47 11 42 57 87 6 13 80 54 6 36 52 9 57 81 97 80 25 26 15 96 76 72 33 70 52 74 70 56 96 74 76 65 52 82 60 82 88 64 70 84
94 7 65 59 41 13 60 36 97 98 36 80 31 31 92 22 60 80 80 22 90 13 33 17 54 27 60 18 18 54 68 27 73 27 87 34 86 12 9 55 93 93 51 16 73 37 26 4 95 69 89 49 69 63 47 87 85 92 36 13 96 71 53 55 37 22 59 3 21 53 56 76 31 46 3 28 94 46 38 32 33 89 25 0 35 1 67 2 89 58 20 49 86 49 66 5 68 52 77 34
3 55 54 47 89 60 36 27 45 44 83 55 65 47 84 87 74 61 94 2 72 97 32 65 56 87 62 38 90 79 8 86 61 84 38 10 65 99 12 21 79 58 26 13 70 67 9 96 74 80 18 37 5 50 18 21 10 80 11 16 6 1 62 10 68 84 26 92 68 62 21 60 7 81 6 89 32 99 99 88 20 76 27 1 29 32 67 100 99 33 34 16 46 52 32 7 35 12 19 93
