10 10
28 92 34 31 61 84 11 93 22 82
61 69 57 80 100 56 71 53 62 40
40 39 13 87 33 78 42 74 16 58
15 94 67 17 94 53 70 53 55 7
32 19 92 65 56 20 48 23 44 19
94 64 16 78 4 62 46 57 5 94
13 6 12 29 5 8 51 92 36 12
54 56 55 94 26 36 73 66 25 94
88 84 66 37 37 92 12 96 75 56
46 81 18 14 17 77 18 81 19 83
10 10
42 51 3 32 56 46 44 9 81 71
85 47 60 47 65 85 7 43 6 2
11 21 80 6 13 42 100 19 52 55
15 99 86 77 61 67 87 80 26 19
95 61 20 48 56 87 22 11 23 9
78 86 39 23 48 88 46 42 85 15
87 27 52 15 6 22 72 12 16 30
25 43 10 11 7 4 55 66 86 1
7 15 88 64 5 59 15 32 0 49
79 58 26 4 50 15 25 90 17 24
